// MilkShape 3D ASCII

Frames: 30
Frame: 1

Meshes: 2
"default" 1 0
232
1 -0.012836 2.082042 0.000000 0.113539 0.302644 0
1 -0.053412 2.082042 0.000000 0.113539 0.261780 0
1 -0.053412 2.082042 0.029225 0.000000 0.261780 0
1 -0.012836 2.082042 0.029225 0.000000 0.302644 0
1 -0.163657 1.903639 0.029225 0.287201 0.858390 0
1 -0.299437 1.905353 0.029225 0.286623 0.995132 0
1 -0.259777 1.870884 0.028471 0.298270 0.955197 0
1 -0.144122 1.869424 0.028471 0.298762 0.838723 0
1 -0.043210 1.507268 0.000000 0.113539 0.668382 0
1 -0.043210 1.507268 0.029225 0.227078 0.668382 0
1 -0.304272 1.772032 0.029225 0.227079 0.416183 0
1 -0.304272 1.772032 0.000000 0.113539 0.416183 0
1 0.273764 1.905353 0.029225 0.286623 0.417868 0
1 0.137985 1.903639 0.029225 0.287201 0.554609 0
1 0.112812 1.869424 0.028471 0.298762 0.579967 0
1 0.228467 1.870884 0.028471 0.298270 0.463493 0
1 0.027740 2.082042 0.029225 0.227079 0.665638 0
1 -0.012836 2.082042 0.029225 0.227079 0.706501 0
1 -0.015655 2.021385 0.028471 0.247551 0.709347 0
1 0.018907 2.021385 0.028471 0.247551 0.674540 0
1 -0.012836 1.507268 0.000000 0.113539 0.698806 0
1 -0.012836 1.507268 0.029225 0.227078 0.698806 0
1 -0.053412 2.082042 0.029225 0.227079 0.747365 0
1 -0.050217 2.021385 0.028471 0.247551 0.744153 0
1 -0.122542 1.863935 0.029225 0.300581 0.816983 0
1 -0.109100 1.835605 0.028471 0.310159 0.803453 0
1 0.096870 1.863935 0.029225 0.300581 0.596016 0
1 0.077791 1.835605 0.028471 0.310159 0.615237 0
1 0.027740 2.082042 0.029225 0.000000 0.343507 0
1 0.027740 2.082042 0.000000 0.113539 0.343507 0
1 0.099904 2.014857 0.029225 0.249720 0.592962 0
1 0.080375 1.964157 0.028471 0.266837 0.612636 0
1 0.017538 1.507268 0.000000 0.113539 0.729229 0
1 0.278599 1.772032 0.000000 0.113539 1.000000 0
1 0.278599 1.772032 0.029225 0.227079 1.000000 0
1 0.017538 1.507268 0.029225 0.227078 0.729229 0
1 -0.125576 2.014857 0.029225 0.249720 0.820039 0
1 -0.111685 1.964157 0.028471 0.266837 0.806057 0
1 -0.304272 1.772032 0.029225 0.331553 1.000000 0
1 -0.263895 1.757324 0.028471 0.336541 0.959344 0
1 -0.109100 1.835605 0.028471 0.117547 0.189105 0
1 -0.144122 1.869424 0.028471 0.117547 0.155212 0
1 -0.144122 1.869424 0.013343 0.058774 0.155212 0
1 -0.109100 1.835605 0.013343 0.058774 0.189105 0
1 0.080375 1.964157 0.028471 0.565729 0.412997 0
1 0.018907 2.021385 0.028471 0.565729 0.353437 0
1 0.018907 2.021385 0.013343 0.506956 0.353437 0
1 0.080375 1.964157 0.013343 0.506956 0.412997 0
1 -0.111685 1.964157 0.028471 0.160872 0.189105 0
1 -0.109100 1.835605 0.028471 0.204197 0.189105 0
1 -0.109100 1.835605 0.013343 0.204197 0.130331 0
1 -0.111685 1.964157 0.013343 0.160872 0.130331 0
1 0.228467 1.870884 0.028471 0.565729 0.220626 0
1 0.112812 1.869424 0.028471 0.565729 0.104733 0
1 0.112812 1.869424 0.013343 0.506956 0.104733 0
1 0.228467 1.870884 0.013343 0.506956 0.220626 0
1 -0.263895 1.757324 0.028471 0.792630 0.000000 0
1 -0.041527 1.531802 0.028471 0.792630 0.223944 0
1 -0.041527 1.531802 0.013343 0.851404 0.223944 0
1 -0.263895 1.757324 0.013343 0.851404 0.000000 0
1 -0.015655 1.531802 0.028471 0.792630 0.250000 0
1 0.010218 1.531802 0.028471 0.792630 0.276056 0
1 0.010218 1.531802 0.013343 0.851404 0.276056 0
1 -0.015655 1.531802 0.013343 0.851404 0.250000 0
1 -0.259777 1.870884 0.028471 0.117547 0.039421 0
1 -0.259777 1.870884 0.013343 0.058774 0.039421 0
1 -0.259777 1.870884 0.028471 0.352001 0.185919 0
1 -0.263895 1.757324 0.028471 0.390274 0.185919 0
1 -0.263895 1.757324 0.013343 0.390274 0.127145 0
1 -0.259777 1.870884 0.013343 0.352001 0.127145 0
1 -0.015655 2.021385 0.028471 0.565729 0.318819 0
1 -0.050217 2.021385 0.028471 0.565729 0.284201 0
1 -0.050217 2.021385 0.013343 0.506956 0.284201 0
1 -0.015655 2.021385 0.013343 0.506956 0.318819 0
1 0.077791 1.835605 0.028471 0.270404 0.127145 0
1 0.080375 1.964157 0.028471 0.227079 0.127145 0
1 0.080375 1.964157 0.013343 0.227079 0.185919 0
1 0.077791 1.835605 0.013343 0.270404 0.185919 0
1 0.232585 1.757324 0.028471 0.428546 0.127145 0
1 0.228467 1.870884 0.028471 0.390274 0.127145 0
1 0.228467 1.870884 0.013343 0.390274 0.185919 0
1 0.232585 1.757324 0.013343 0.428546 0.185919 0
1 -0.043210 1.507268 0.029225 0.420780 0.737086 0
1 -0.012836 1.507268 0.029225 0.420780 0.706496 0
1 -0.015655 1.531802 0.028471 0.412542 0.709342 0
1 -0.041527 1.531802 0.028471 0.412542 0.735398 0
1 0.017538 1.507268 0.029225 0.420780 0.675907 0
1 0.010218 1.531802 0.028471 0.412542 0.683287 0
1 0.278599 1.772032 0.029225 0.331553 0.412997 0
1 0.232585 1.757324 0.028471 0.336541 0.459345 0
1 0.232585 1.757324 0.028471 0.792630 0.500001 0
1 0.232585 1.757324 0.013343 0.851404 0.500001 0
1 0.077791 1.835605 0.028471 0.565729 0.068468 0
1 0.077791 1.835605 0.013343 0.506956 0.068468 0
1 -0.111685 1.964157 0.028471 0.565729 0.220626 0
1 -0.111685 1.964157 0.013343 0.506956 0.220626 0
1 0.278599 1.772032 0.029225 0.610662 0.412997 0
1 0.278599 1.772032 0.000000 0.610662 0.299458 0
1 0.273764 1.905353 0.000000 0.565729 0.299458 0
1 0.273764 1.905353 0.029225 0.565729 0.412997 0
1 0.096870 1.863935 0.029225 0.614481 0.500001 0
1 0.137985 1.903639 0.029225 0.655888 0.500001 0
1 0.137985 1.903639 0.000000 0.655888 0.386461 0
1 0.096870 1.863935 0.000000 0.614481 0.386461 0
1 0.273764 1.905353 0.029225 0.792630 0.500001 0
1 0.273764 1.905353 0.000000 0.792630 0.386461 0
1 0.096870 1.863935 0.029225 0.456092 0.412997 0
1 0.096870 1.863935 0.000000 0.456092 0.299458 0
1 0.099904 2.014857 0.000000 0.405228 0.299458 0
1 0.099904 2.014857 0.029225 0.405228 0.412997 0
1 0.099904 2.014857 0.029225 0.000000 0.416183 0
1 0.099904 2.014857 0.000000 0.113539 0.416183 0
1 -0.304272 1.772032 0.029225 0.718187 0.045844 0
1 -0.299437 1.905353 0.029225 0.673254 0.045844 0
1 -0.299437 1.905353 0.000000 0.673254 0.159383 0
1 -0.304272 1.772032 0.000000 0.718187 0.159383 0
1 -0.122542 1.863935 0.029225 0.405228 0.412997 0
1 -0.122542 1.863935 0.000000 0.405228 0.299458 0
1 -0.163657 1.903639 0.000000 0.363820 0.299458 0
1 -0.163657 1.903639 0.029225 0.363820 0.412997 0
1 -0.299437 1.905353 0.029225 0.227079 0.412997 0
1 -0.299437 1.905353 0.000000 0.227079 0.299458 0
1 -0.122542 1.863935 0.029225 0.506956 0.185919 0
1 -0.125576 2.014857 0.029225 0.456092 0.185919 0
1 -0.125576 2.014857 0.000000 0.456092 0.299458 0
1 -0.122542 1.863935 0.000000 0.506956 0.299458 0
1 -0.125576 2.014857 0.029225 0.000000 0.189105 0
1 -0.125576 2.014857 0.000000 0.113539 0.189105 0
1 -0.012836 2.082042 -0.029225 0.227078 0.302644 0
1 -0.053412 2.082042 -0.029225 0.227078 0.261780 0
1 -0.163657 1.903639 -0.029225 0.554358 0.858390 0
1 -0.144122 1.869424 -0.028471 0.542797 0.838723 0
1 -0.259777 1.870884 -0.028471 0.543289 0.955197 0
1 -0.299437 1.905353 -0.029225 0.554936 0.995132 0
1 -0.304272 1.772032 -0.029225 0.000000 0.416183 0
1 -0.043210 1.507268 -0.029225 0.000000 0.668382 0
1 0.273764 1.905353 -0.029225 0.554936 0.417868 0
1 0.228467 1.870884 -0.028471 0.543289 0.463493 0
1 0.112812 1.869424 -0.028471 0.542797 0.579967 0
1 0.137985 1.903639 -0.029225 0.554358 0.554609 0
1 0.027740 2.082042 -0.029225 0.614481 0.665638 0
1 0.018907 2.021385 -0.028471 0.594009 0.674540 0
1 -0.015655 2.021385 -0.028471 0.594009 0.709347 0
1 -0.012836 2.082042 -0.029225 0.614481 0.706501 0
1 -0.012836 1.507268 -0.029225 0.000000 0.698806 0
1 -0.050217 2.021385 -0.028471 0.594009 0.744153 0
1 -0.053412 2.082042 -0.029225 0.614481 0.747365 0
1 -0.122542 1.863935 -0.029225 0.540978 0.816983 0
1 -0.109100 1.835605 -0.028471 0.531400 0.803453 0
1 0.077791 1.835605 -0.028471 0.531400 0.615237 0
1 0.096870 1.863935 -0.029225 0.540978 0.596016 0
1 0.027740 2.082042 -0.029225 0.227078 0.343507 0
1 0.080375 1.964157 -0.028471 0.574723 0.612636 0
1 0.099904 2.014857 -0.029225 0.591839 0.592962 0
1 0.017538 1.507268 -0.029225 0.000000 0.729229 0
1 0.278599 1.772032 -0.029225 0.000000 1.000000 0
1 -0.125576 2.014857 -0.029225 0.591839 0.820039 0
1 -0.111685 1.964157 -0.028471 0.574723 0.806057 0
1 -0.263895 1.757324 -0.028471 0.505019 0.959344 0
1 -0.304272 1.772032 -0.029225 0.510006 1.000000 0
1 -0.109100 1.835605 -0.028471 0.000000 0.189105 0
1 -0.109100 1.835605 -0.013343 0.058774 0.189105 0
1 -0.144122 1.869424 -0.013343 0.058774 0.155212 0
1 -0.144122 1.869424 -0.028471 0.000000 0.155212 0
1 0.080375 1.964157 -0.028471 0.614481 0.272922 0
1 0.080375 1.964157 -0.013343 0.673254 0.272922 0
1 0.018907 2.021385 -0.013343 0.673254 0.213362 0
1 0.018907 2.021385 -0.028471 0.614481 0.213362 0
1 -0.111685 1.964157 -0.028471 0.270404 0.127145 0
1 -0.111685 1.964157 -0.013343 0.270404 0.185919 0
1 -0.109100 1.835605 -0.013343 0.313729 0.185919 0
1 -0.109100 1.835605 -0.028471 0.313729 0.127145 0
1 0.228467 1.870884 -0.028471 0.718187 0.272922 0
1 0.228467 1.870884 -0.013343 0.776960 0.272922 0
1 0.112812 1.869424 -0.013343 0.776960 0.157029 0
1 0.112812 1.869424 -0.028471 0.718187 0.157029 0
1 -0.263895 1.757324 -0.028471 0.910177 0.000000 0
1 -0.263895 1.757324 -0.013343 0.851404 0.000000 0
1 -0.041527 1.531802 -0.013343 0.851404 0.223944 0
1 -0.041527 1.531802 -0.028471 0.910177 0.223944 0
1 -0.015655 1.531802 -0.028471 0.910177 0.250000 0
1 -0.015655 1.531802 -0.013343 0.851404 0.250000 0
1 0.010218 1.531802 -0.013343 0.851404 0.276056 0
1 0.010218 1.531802 -0.028471 0.910177 0.276056 0
1 -0.259777 1.870884 -0.013343 0.058774 0.039421 0
1 -0.259777 1.870884 -0.028471 0.000000 0.039421 0
1 -0.259777 1.870884 -0.028471 0.456092 0.127146 0
1 -0.259777 1.870884 -0.013343 0.456092 0.185919 0
1 -0.263895 1.757324 -0.013343 0.494364 0.185919 0
1 -0.263895 1.757324 -0.028471 0.494364 0.127146 0
1 -0.015655 2.021385 -0.028471 0.614481 0.178744 0
1 -0.015655 2.021385 -0.013343 0.673254 0.178744 0
1 -0.050217 2.021385 -0.013343 0.673254 0.144126 0
1 -0.050217 2.021385 -0.028471 0.614481 0.144126 0
1 0.077791 1.835605 -0.028471 0.160872 0.189105 0
1 0.077791 1.835605 -0.013343 0.160872 0.130331 0
1 0.080375 1.964157 -0.013343 0.117547 0.130331 0
1 0.080375 1.964157 -0.028471 0.117547 0.189105 0
1 0.232585 1.757324 -0.028471 0.352001 0.185919 0
1 0.232585 1.757324 -0.013343 0.352001 0.127145 0
1 0.228467 1.870884 -0.013343 0.313729 0.127145 0
1 0.228467 1.870884 -0.028471 0.313729 0.185919 0
1 -0.043210 1.507268 -0.029225 0.420780 0.737086 0
1 -0.041527 1.531802 -0.028471 0.429017 0.735398 0
1 -0.015655 1.531802 -0.028471 0.429017 0.709342 0
1 -0.012836 1.507268 -0.029225 0.420780 0.706496 0
1 0.010218 1.531802 -0.028471 0.429017 0.683287 0
1 0.017538 1.507268 -0.029225 0.420780 0.675907 0
1 0.278599 1.772032 -0.029225 0.510006 0.412997 0
1 0.232585 1.757324 -0.028471 0.505019 0.459345 0
1 0.232585 1.757324 -0.013343 0.851404 0.500001 0
1 0.232585 1.757324 -0.028471 0.910178 0.500001 0
1 0.077791 1.835605 -0.013343 0.776960 0.120764 0
1 0.077791 1.835605 -0.028471 0.718187 0.120764 0
1 -0.111685 1.964157 -0.013343 0.673254 0.080551 0
1 -0.111685 1.964157 -0.028471 0.614481 0.080551 0
1 0.278599 1.772032 -0.029225 0.610662 0.185919 0
1 0.273764 1.905353 -0.029225 0.565729 0.185919 0
1 0.096870 1.863935 -0.029225 0.614481 0.272922 0
1 0.137985 1.903639 -0.029225 0.655888 0.272922 0
1 0.273764 1.905353 -0.029225 0.792630 0.272922 0
1 0.096870 1.863935 -0.029225 0.456092 0.185919 0
1 0.099904 2.014857 -0.029225 0.405228 0.185919 0
1 0.099904 2.014857 -0.029225 0.227078 0.416183 0
1 -0.304272 1.772032 -0.029225 0.718187 0.272922 0
1 -0.299437 1.905353 -0.029225 0.673254 0.272922 0
1 -0.122542 1.863935 -0.029225 0.405228 0.185919 0
1 -0.163657 1.903639 -0.029225 0.363820 0.185919 0
1 -0.299437 1.905353 -0.029225 0.227079 0.185919 0
1 -0.122542 1.863935 -0.029225 0.506956 0.412997 0
1 -0.125576 2.014857 -0.029225 0.456092 0.412997 0
1 -0.125576 2.014857 -0.029225 0.227078 0.189105 0
54
-0.000000 1.000000 -0.000000
-0.000300 -0.022200 0.999800
-0.712100 -0.702100 -0.000000
0.000300 -0.022200 0.999800
-0.000000 -0.012400 0.999900
-0.000000 -1.000000 -0.000000
-0.047300 -0.049000 0.997700
0.073000 -0.075600 0.994500
-0.040700 0.000800 0.999200
0.712100 -0.702100 -0.000000
-0.010200 -0.010900 0.999900
0.058400 0.001200 0.998300
0.018400 -0.000700 0.999800
0.011000 -0.011800 0.999900
-0.694600 -0.719400 -0.000000
-0.681400 -0.731900 -0.000000
0.999800 0.020100 -0.000000
0.012600 -0.999900 -0.000000
0.712100 0.702100 -0.000000
-0.012600 -0.999900 -0.000000
0.999300 -0.036200 -0.000000
-0.999800 0.020100 -0.000000
-0.999300 -0.036200 -0.000000
-0.000000 0.030700 0.999500
-0.016200 -0.000600 0.999900
-0.023900 0.023600 0.999400
0.029100 0.028700 0.999200
-0.712100 0.702100 -0.000000
0.694600 -0.719400 -0.000000
0.681400 -0.731900 -0.000000
0.999300 0.036200 -0.000000
-0.694600 0.719400 -0.000000
-0.012600 0.999900 -0.000000
0.999800 -0.020100 -0.000000
0.681400 0.731900 -0.000000
-0.999300 0.036200 -0.000000
0.694600 0.719400 -0.000000
0.012600 0.999900 -0.000000
-0.999800 -0.020100 -0.000000
-0.681400 0.731900 -0.000000
-0.000300 -0.022200 -0.999800
0.000300 -0.022200 -0.999800
-0.000000 -0.012400 -0.999900
-0.047300 -0.049000 -0.997700
0.073000 -0.075600 -0.994500
-0.040700 0.000800 -0.999200
-0.010200 -0.010900 -0.999900
0.058400 0.001200 -0.998300
0.018400 -0.000700 -0.999800
0.011000 -0.011800 -0.999900
-0.000000 0.030700 -0.999500
-0.016200 -0.000600 -0.999900
-0.023900 0.023600 -0.999400
0.029100 0.028700 -0.999200
192
1 0 1 2 0 0 0 1
1 0 2 3 0 0 0 1
1 4 5 6 1 1 1 1
1 4 6 7 1 1 1 1
1 8 9 10 2 2 2 1
1 8 10 11 2 2 2 1
1 12 13 14 3 3 3 1
1 12 14 15 3 3 3 1
1 16 17 18 4 4 4 1
1 16 18 19 4 4 4 1
1 8 20 21 5 5 5 1
1 8 21 9 5 5 5 1
1 17 22 23 4 4 4 1
1 17 23 18 4 4 4 1
1 24 4 7 6 6 6 1
1 24 7 25 6 6 6 1
1 13 26 27 7 7 7 1
1 13 27 14 7 7 7 1
1 0 3 28 0 0 0 1
1 0 28 29 0 0 0 1
1 26 30 31 8 8 8 1
1 26 31 27 8 8 8 1
1 32 33 34 9 9 9 1
1 32 34 35 9 9 9 1
1 30 16 19 10 10 10 1
1 30 19 31 10 10 10 1
1 36 24 25 11 11 11 1
1 36 25 37 11 11 11 1
1 32 35 21 5 5 5 1
1 32 21 20 5 5 5 1
1 5 38 39 12 12 12 1
1 5 39 6 12 12 12 1
1 22 36 37 13 13 13 1
1 22 37 23 13 13 13 1
1 40 41 42 14 14 14 1
1 40 42 43 14 14 14 1
1 44 45 46 15 15 15 1
1 44 46 47 15 15 15 1
1 48 49 50 16 16 16 1
1 48 50 51 16 16 16 1
1 52 53 54 17 17 17 1
1 52 54 55 17 17 17 1
1 56 57 58 18 18 18 1
1 56 58 59 18 18 18 1
1 60 61 62 0 0 0 1
1 60 62 63 0 0 0 1
1 41 64 65 19 19 19 1
1 41 65 42 19 19 19 1
1 66 67 68 20 20 20 1
1 66 68 69 20 20 20 1
1 70 71 72 5 5 5 1
1 70 72 73 5 5 5 1
1 74 75 76 21 21 21 1
1 74 76 77 21 21 21 1
1 78 79 80 22 22 22 1
1 78 80 81 22 22 22 1
1 82 83 84 23 23 23 1
1 82 84 85 23 23 23 1
1 83 86 87 23 23 23 1
1 83 87 84 23 23 23 1
1 88 12 15 24 24 24 1
1 88 15 89 24 24 24 1
1 86 88 89 25 25 25 1
1 86 89 87 25 25 25 1
1 38 82 85 26 26 26 1
1 38 85 39 26 26 26 1
1 61 90 91 27 27 27 1
1 61 91 62 27 27 27 1
1 45 70 73 5 5 5 1
1 45 73 46 5 5 5 1
1 53 92 93 28 28 28 1
1 53 93 54 28 28 28 1
1 57 60 63 0 0 0 1
1 57 63 58 0 0 0 1
1 71 94 95 29 29 29 1
1 71 95 72 29 29 29 1
1 96 97 98 30 30 30 1
1 96 98 99 30 30 30 1
1 100 101 102 31 31 31 1
1 100 102 103 31 31 31 1
1 104 105 102 32 32 32 1
1 104 102 101 32 32 32 1
1 106 107 108 33 33 33 1
1 106 108 109 33 33 33 1
1 110 111 29 34 34 34 1
1 110 29 28 34 34 34 1
1 112 113 114 35 35 35 1
1 112 114 115 35 35 35 1
1 116 117 118 36 36 36 1
1 116 118 119 36 36 36 1
1 120 119 118 37 37 37 1
1 120 118 121 37 37 37 1
1 122 123 124 38 38 38 1
1 122 124 125 38 38 38 1
1 126 2 1 39 39 39 1
1 126 1 127 39 39 39 1
1 0 128 129 0 0 0 1
1 0 129 1 0 0 0 1
1 130 131 132 40 40 40 1
1 130 132 133 40 40 40 1
1 8 11 134 2 2 2 1
1 8 134 135 2 2 2 1
1 136 137 138 41 41 41 1
1 136 138 139 41 41 41 1
1 140 141 142 42 42 42 1
1 140 142 143 42 42 42 1
1 8 135 144 5 5 5 1
1 8 144 20 5 5 5 1
1 143 142 145 42 42 42 1
1 143 145 146 42 42 42 1
1 147 148 131 43 43 43 1
1 147 131 130 43 43 43 1
1 139 138 149 44 44 44 1
1 139 149 150 44 44 44 1
1 0 29 151 0 0 0 1
1 0 151 128 0 0 0 1
1 150 149 152 45 45 45 1
1 150 152 153 45 45 45 1
1 32 154 155 9 9 9 1
1 32 155 33 9 9 9 1
1 153 152 141 46 46 46 1
1 153 141 140 46 46 46 1
1 156 157 148 47 47 47 1
1 156 148 147 47 47 47 1
1 32 20 144 5 5 5 1
1 32 144 154 5 5 5 1
1 133 132 158 48 48 48 1
1 133 158 159 48 48 48 1
1 146 145 157 49 49 49 1
1 146 157 156 49 49 49 1
1 160 161 162 14 14 14 1
1 160 162 163 14 14 14 1
1 164 165 166 15 15 15 1
1 164 166 167 15 15 15 1
1 168 169 170 16 16 16 1
1 168 170 171 16 16 16 1
1 172 173 174 17 17 17 1
1 172 174 175 17 17 17 1
1 176 177 178 18 18 18 1
1 176 178 179 18 18 18 1
1 180 181 182 0 0 0 1
1 180 182 183 0 0 0 1
1 163 162 184 19 19 19 1
1 163 184 185 19 19 19 1
1 186 187 188 20 20 20 1
1 186 188 189 20 20 20 1
1 190 191 192 5 5 5 1
1 190 192 193 5 5 5 1
1 194 195 196 21 21 21 1
1 194 196 197 21 21 21 1
1 198 199 200 22 22 22 1
1 198 200 201 22 22 22 1
1 202 203 204 50 50 50 1
1 202 204 205 50 50 50 1
1 205 204 206 50 50 50 1
1 205 206 207 50 50 50 1
1 208 209 137 51 51 51 1
1 208 137 136 51 51 51 1
1 207 206 209 52 52 52 1
1 207 209 208 52 52 52 1
1 159 158 203 53 53 53 1
1 159 203 202 53 53 53 1
1 183 182 210 27 27 27 1
1 183 210 211 27 27 27 1
1 167 166 191 5 5 5 1
1 167 191 190 5 5 5 1
1 175 174 212 28 28 28 1
1 175 212 213 28 28 28 1
1 179 178 181 0 0 0 1
1 179 181 180 0 0 0 1
1 193 192 214 29 29 29 1
1 193 214 215 29 29 29 1
1 216 217 98 30 30 30 1
1 216 98 97 30 30 30 1
1 218 103 102 31 31 31 1
1 218 102 219 31 31 31 1
1 220 219 102 32 32 32 1
1 220 102 105 32 32 32 1
1 221 222 108 33 33 33 1
1 221 108 107 33 33 33 1
1 223 151 29 34 34 34 1
1 223 29 111 34 34 34 1
1 224 115 114 35 35 35 1
1 224 114 225 35 35 35 1
1 226 227 118 36 36 36 1
1 226 118 117 36 36 36 1
1 228 121 118 37 37 37 1
1 228 118 227 37 37 37 1
1 229 125 124 38 38 38 1
1 229 124 230 38 38 38 1
1 231 127 1 39 39 39 1
1 231 1 129 39 39 39 1
"Material.001" 1 1
42
1 -0.015655 1.964157 0.013343 0.633767 0.750002 0
1 -0.015655 2.021385 0.013343 0.614481 0.750003 0
1 -0.050217 2.021385 0.013343 0.614481 0.784809 0
1 -0.111685 1.964157 0.013343 0.633767 0.846713 0
1 -0.015655 1.683703 0.013343 0.728281 0.750000 0
1 -0.015655 1.835605 0.013343 0.677089 0.750001 0
1 -0.109100 1.835605 0.013343 0.677089 0.844109 0
1 -0.075314 1.683703 0.013343 0.728281 0.810082 0
1 -0.144122 1.869424 0.013343 0.665692 0.879379 0
1 -0.259777 1.870884 0.013343 0.665200 0.995853 0
1 -0.041527 1.531802 0.013343 0.779472 0.776054 0
1 -0.263895 1.757324 0.013343 0.703471 1.000000 0
1 -0.015655 1.531802 0.013343 0.779472 0.749998 0
1 0.080375 1.964157 0.013343 0.633767 0.653292 0
1 0.018907 2.021385 0.013343 0.614481 0.715196 0
1 0.044004 1.683703 0.013343 0.728281 0.689918 0
1 0.077791 1.835605 0.013343 0.677089 0.655893 0
1 0.228467 1.870884 0.013343 0.665200 0.504149 0
1 0.112812 1.869424 0.013343 0.665692 0.620623 0
1 0.010218 1.531802 0.013343 0.779472 0.723943 0
1 0.232585 1.757324 0.013343 0.703471 0.500001 0
1 -0.015655 1.964157 -0.013343 0.925178 0.750002 0
1 -0.111685 1.964157 -0.013343 0.925178 0.846713 0
1 -0.050217 2.021385 -0.013343 0.944464 0.784809 0
1 -0.015655 2.021385 -0.013343 0.944464 0.750003 0
1 -0.015655 1.683703 -0.013343 0.830664 0.750000 0
1 -0.075314 1.683703 -0.013343 0.830664 0.810082 0
1 -0.109100 1.835605 -0.013343 0.881855 0.844109 0
1 -0.015655 1.835605 -0.013343 0.881855 0.750001 0
1 -0.259777 1.870884 -0.013343 0.893745 0.995853 0
1 -0.144122 1.869424 -0.013343 0.893252 0.879379 0
1 -0.041527 1.531802 -0.013343 0.779472 0.776054 0
1 -0.263895 1.757324 -0.013343 0.855474 1.000000 0
1 -0.015655 1.531802 -0.013343 0.779472 0.749998 0
1 0.018907 2.021385 -0.013343 0.944464 0.715196 0
1 0.080375 1.964157 -0.013343 0.925178 0.653292 0
1 0.077791 1.835605 -0.013343 0.881855 0.655893 0
1 0.044004 1.683703 -0.013343 0.830664 0.689918 0
1 0.112812 1.869424 -0.013343 0.893252 0.620623 0
1 0.228467 1.870884 -0.013343 0.893745 0.504149 0
1 0.010218 1.531802 -0.013343 0.779472 0.723943 0
1 0.232585 1.757324 -0.013343 0.855474 0.500001 0
2
-0.000000 -0.000000 1.000000
-0.000000 -0.000000 -1.000000
48
1 0 1 2 0 0 0 1
1 0 2 3 0 0 0 1
1 4 5 6 0 0 0 1
1 4 6 7 0 0 0 1
1 5 0 3 0 0 0 1
1 5 3 6 0 0 0 1
1 7 6 8 0 0 0 1
1 7 8 9 0 0 0 1
1 10 7 9 0 0 0 1
1 10 9 11 0 0 0 1
1 12 4 7 0 0 0 1
1 12 7 10 0 0 0 1
1 0 13 14 0 0 0 1
1 0 14 1 0 0 0 1
1 4 15 16 0 0 0 1
1 4 16 5 0 0 0 1
1 5 16 13 0 0 0 1
1 5 13 0 0 0 0 1
1 15 17 18 0 0 0 1
1 15 18 16 0 0 0 1
1 19 20 17 0 0 0 1
1 19 17 15 0 0 0 1
1 12 19 15 0 0 0 1
1 12 15 4 0 0 0 1
1 21 22 23 1 1 1 1
1 21 23 24 1 1 1 1
1 25 26 27 1 1 1 1
1 25 27 28 1 1 1 1
1 28 27 22 1 1 1 1
1 28 22 21 1 1 1 1
1 26 29 30 1 1 1 1
1 26 30 27 1 1 1 1
1 31 32 29 1 1 1 1
1 31 29 26 1 1 1 1
1 33 31 26 1 1 1 1
1 33 26 25 1 1 1 1
1 21 24 34 1 1 1 1
1 21 34 35 1 1 1 1
1 25 28 36 1 1 1 1
1 25 36 37 1 1 1 1
1 28 21 35 1 1 1 1
1 28 35 36 1 1 1 1
1 37 36 38 1 1 1 1
1 37 38 39 1 1 1 1
1 40 37 39 1 1 1 1
1 40 39 41 1 1 1 1
1 33 25 37 1 1 1 1
1 33 37 40 1 1 1 1

Materials: 2
"Metal"
1.000000 1.000000 1.000000 1.000000
0.494118 0.494118 0.494118 1.000000
0.780392 0.780392 0.780392 1.000000
0.000000 0.000000 0.000000 1.000000
125.000000
1.000000
"ARROWw.png"
""
"Purple"
0.000000 0.000000 0.000000 1.000000
1.000000 1.000000 1.000000 1.000000
0.000000 0.000000 0.000000 1.000000
0.992157 0.992157 0.992157 1.000000
0.000000
1.000000
"ARROWw.png"
""

Bones: 1
"arrowww"
""
13 -0.016473 1.778897 0.000000 0.000000 -0.000000 0.000000
0
0
GroupComments: 0
MaterialComments: 0
BoneComments: 0
ModelComment: 0
